-1.001349332456218377e-01, 8.863454999068718365e+00, -4.629161746431813995e+00, 1.000000000000000000e+00
-2.026160596326120888e-02, 8.828271400953692449e+00, -4.696936612136351386e+00, 1.000000000000000000e+00
5.732111644712539755e-02, 8.790911889212148722e+00, -4.766191608162406723e+00, 1.000000000000000000e+00
1.325358978405973553e-01, 8.751413704617867495e+00, -4.836857699623808848e+00, 1.000000000000000000e+00
2.053077624873167473e-01, 8.709816219820250893e+00, -4.908864445023766621e+00, 1.000000000000000000e+00
2.755641698099869363e-01, 8.666160900096793185e+00, -4.982140066472488193e+00, 1.000000000000000000e+00
3.432350866938759792e-01, 8.620491262019589485e+00, -5.056611521236939133e+00, 1.000000000000000000e+00
4.082530572973506189e-01, 8.572852830077085429e+00, -5.132204574551433751e+00, 1.000000000000000000e+00
4.705532702933252764e-01, 8.523293091294265267e+00, -5.208843873616453735e+00, 1.000000000000000000e+00
5.300736234746022957e-01, 8.471861447896559483e+00, -5.286453022711968153e+00, 1.000000000000000000e+00
5.867547856587024269e-01, 8.418609168064620007e+00, -5.364954659350341437e+00, 1.000000000000000000e+00
6.405402558304782445e-01, 8.363589334829095279e+00, -5.444270531392946921e+00, 1.000000000000000000e+00
6.913764194635551030e-01, 8.306856793156308427e+00, -5.524321575053596334e+00, 1.000000000000000000e+00
7.392126019644562618e-01, 8.248468095277596390e+00, -5.605027993711047429e+00, 1.000000000000000000e+00
7.840011191861397943e-01, 8.188481444316826341e+00, -5.686309337452008172e+00, 1.000000000000000000e+00
8.256973249605943366e-01, 8.126956636272240075e+00, -5.768084583265358667e+00, 1.000000000000000000e+00
8.642596556031094668e-01, 8.063955000410517826e+00, -5.850272215807652998e+00, 1.000000000000000000e+00
8.996496713438602022e-01, 7.999539338132425570e+00, -5.932790308659383172e+00, 1.000000000000000000e+00
9.318320946455063147e-01, 7.933773860371010400e+00, -6.015556605991021932e+00, 1.000000000000000000e+00
9.607748453686091317e-01, 7.866724123584750927e+00, -6.098488604557415371e+00, 1.000000000000000000e+00
9.864490727498107514e-01, 7.798456964409447245e+00, -6.181503635938816466e+00, 1.000000000000000000e+00
1.008829184160903170e+00, 7.729040433034018776e+00, -6.264518948946561139e+00, 1.000000000000000000e+00
1.027892870620116916e+00, 7.658543725366586230e+00, -6.347451792111257873e+00, 1.000000000000000000e+00
1.043621129030199546e+00, 7.587037114058490239e+00, -6.430219496171242000e+00, 1.000000000000000000e+00
1.055998281121114601e+00, 7.514591878454983664e+00, -6.512739556479105296e+00, 1.000000000000000000e+00
1.065011989078483934e+00, 7.441280233542427958e+00, -6.594929715244115087e+00, 1.000000000000000000e+00
1.070653267842188949e+00, 7.367175257962830237e+00, -6.676708043528571501e+00, 1.000000000000000000e+00
1.072916494062873261e+00, 7.292350821167460140e+00, -6.757993022916353176e+00, 1.000000000000000000e+00
1.071799411707420102e+00, 7.216881509782165693e+00, -6.838703626772248967e+00, 1.000000000000000000e+00
1.067303134307815649e+00, 7.140842553257818359e+00, -6.918759401011070231e+00, 1.000000000000000000e+00
1.059432143851155139e+00, 7.064309748879951556e+00, -6.998080544296029437e+00, 1.000000000000000000e+00
1.048194286311901147e+00, 6.987359386212377288e+00, -7.076587987586451689e+00, 1.000000000000000000e+00
1.033600763830845981e+00, 6.910068171050091301e+00, -7.154203472955512844e+00, 1.000000000000000000e+00
1.015666123548573996e+00, 6.832513148957271909e+00, -7.230849631599442162e+00, 1.000000000000000000e+00
9.944082431045542236e-01, 6.754771628466579081e+00, -7.306450060960430370e+00, 1.000000000000000000e+00
9.698483128163224443e-01, 6.676921104016334318e+00, -7.380929400886356184e+00, 1.000000000000000000e+00
9.420108145565104785e-01, 6.599039178702374997e+00, -7.454213408751433789e+00, 1.000000000000000000e+00
9.109234973487851939e-01, 6.521203486921603343e+00, -7.526229033462864315e+00, 1.000000000000000000e+00
8.766173497070142151e-01, 6.443491616984331039e+00, -7.596904488279768053e+00, 1.000000000000000000e+00
8.391265687452449384e-01, 6.365981033772561304e+00, -7.666169322371756856e+00, 1.000000000000000000e+00
7.984885260892775616e-01, 6.288749001521313886e+00, -7.733954491045860635e+00, 1.000000000000000000e+00
7.547437306238131693e-01, 6.211872506799950955e+00, -7.800192424571776861e+00, 1.000000000000000000e+00
7.079357881123176099e-01, 6.135428181770294920e+00, -7.864817095536846381e+00, 1.000000000000000000e+00
6.581113577298498551e-01, 6.059492227798019215e+00, -7.927764084663616373e+00, 1.000000000000000000e+00
6.053201055521797436e-01, 5.984140339493473348e+00, -7.988970645024378925e+00, 1.000000000000000000e+00
5.496146550475633497e-01, 5.909447629257643442e+00, -8.048375764588662662e+00, 1.000000000000000000e+00
4.910505346205269461e-01, 5.835488552408486740e+00, -8.105920227041368165e+00, 1.000000000000000000e+00
4.296861222599432928e-01, 5.762336832962241751e+00, -8.161546670810864157e+00, 1.000000000000000000e+00
3.655825873465867737e-01, 5.690065390143729473e+00, -8.215199646248255050e+00, 1.000000000000000000e+00
2.988038296781589942e-01, 5.618746265698886688e+00, -8.266825670900800560e+00, 1.000000000000000000e+00
2.294164157725857578e-01, 5.548450552081984455e+00, -8.316373282824381263e+00, 1.000000000000000000e+00
1.574895125130622020e-01, 5.479248321589120785e+00, -8.363793091881888131e+00, 1.000000000000000000e+00
8.309481820099717808e-02, 5.411208556508637635e+00, -8.409037828976384077e+00, 1.000000000000000000e+00
6.306491085592558221e-03, 5.344399080358073206e+00, -8.452062393169963883e+00, 1.000000000000000000e+00
-7.279892455871772583e-02, 5.278886490276203602e+00, -8.492823896641356285e+00, 1.000000000000000000e+00
-1.541425747332634266e-01, 5.214736090637566157e+00, -8.531281707437436523e+00, 1.000000000000000000e+00
-2.376433743185160097e-01, 5.152011827955643497e+00, -8.567397489976034564e+00, 1.000000000000000000e+00
-3.232180879015023045e-01, 5.090776227139580890e+00, -8.601135243259681928e+00, 1.000000000000000000e+00
-4.107814127466751231e-01, 5.031090329168002029e+00, -8.632461336762188964e+00, 1.000000000000000000e+00
-5.002460638275305627e-01, 4.973013630242033578e+00, -8.661344543952283814e+00, 1.000000000000000000e+00
-5.915228608342251171e-01, 4.916604022478197500e+00, -8.687756073420898062e+00, 1.000000000000000000e+00
-6.845208170704482065e-01, 4.861917736200288331e+00, -8.711669597581066071e+00, 1.000000000000000000e+00
-7.791472301509339005e-01, 4.809009283887767161e+00, -8.733061278911845804e+00, 1.000000000000000000e+00
-8.753077744092228052e-01, 4.757931405836532512e+00, -8.751909793720063391e+00, 1.000000000000000000e+00
-9.729065949235318200e-01, 4.708735017586251459e+00, -8.768196353396250586e+00, 1.000000000000000000e+00
-1.071846403067026721e+00, 4.661469159166635734e+00, -8.781904723143526326e+00, 1.000000000000000000e+00
-1.172028573487241765e+00, 4.616180946213281899e+00, -8.793021238160800834e+00, 1.000000000000000000e+00
-1.273353242417976094e+00, 4.572915523001771732e+00, -8.801534817264148103e+00, 1.000000000000000000e+00
-1.375719407225663549e+00, 4.531716017446886013e+00, -8.807436973932768254e+00, 1.000000000000000000e+00
-1.479025027091001476e+00, 4.492623498111752767e+00, -8.810721824768535271e+00, 1.000000000000000000e+00
-1.583167124725453512e+00, 4.455676933269817397e+00, -8.811386095360695947e+00, 1.000000000000000000e+00
-1.688041889021250519e+00, 4.420913152060413687e+00, -8.809429123549881169e+00, 1.000000000000000000e+00
-1.793544778532565553e+00, 4.388366807776682421e+00, -8.804852860088148603e+00, 1.000000000000000000e+00
-1.899570625684688707e+00, 4.358070343322412832e+00, -8.797661866694442168e+00, 1.000000000000000000e+00
-2.006013741607368672e+00, 4.330053958872248643e+00, -8.787863311507361885e+00, 1.000000000000000000e+00
-2.112768021487765324e+00, 4.304345581767502260e+00, -8.775466961939818233e+00, 1.000000000000000000e+00
-2.219727050338037966e+00, 4.280970838677567336e+00, -8.760485174942646225e+00, 1.000000000000000000e+00
-2.326784209072122245e+00, 4.259953030054701273e+00, -8.742932884686945627e+00, 1.000000000000000000e+00
-2.433832780785950334e+00, 4.241313106907627528e+00, -8.722827587677363326e+00, 1.000000000000000000e+00
-2.540766057135181555e+00, 4.225069649917115200e+00, -8.700189325311203703e+00, 1.000000000000000000e+00
-2.647477444704403382e+00, 4.211238850914346799e+00, -8.675040663900720261e+00, 1.000000000000000000e+00
-2.753860571261764090e+00, 4.199834496740558087e+00, -8.647406672178531650e+00, 1.000000000000000000e+00
-2.859809391793128874e+00, 4.190867955504007369e+00, -8.617314896308563732e+00, 1.000000000000000000e+00
-2.965218294210056449e+00, 4.184348165247997464e+00, -8.584795332427425762e+00, 1.000000000000000000e+00
-3.069982204626216848e+00, 4.180281625041249782e+00, -8.549880396743619215e+00, 1.000000000000000000e+00
-3.173996692097339256e+00, 4.178672388499476753e+00, -8.512604893224352764e+00, 1.000000000000000000e+00
-3.277158072720244064e+00, 4.179522059744662954e+00, -8.473005978902190094e+00, 1.000000000000000000e+00
-3.379363512987205720e+00, 4.182829791806031317e+00, -8.431123126836107318e+00, 1.000000000000000000e+00
-3.480511132292640308e+00, 4.188592287464328656e+00, -8.386998086763901128e+00, 1.000000000000000000e+00
-3.580500104489900082e+00, 4.196803802538561001e+00, -8.340674843485128775e+00, 1.000000000000000000e+00
-3.679230758396970558e+00, 4.207456151611920880e+00, -8.292199573016116432e+00, 1.000000000000000000e+00
-3.776604677150880551e+00, 4.220538716191189366e+00, -8.241620596560684575e+00, 1.000000000000000000e+00
-3.872524796311760831e+00, 4.236038455291478932e+00, -8.188988332342544751e+00, 1.000000000000000000e+00
-3.966895500618794479e+00, 4.253939918435770018e+00, -8.134355245347293817e+00, 1.000000000000000000e+00
-4.059622719301587246e+00, 4.274225261056286307e+00, -8.077775795024189520e+00, 1.000000000000000000e+00
-4.150614019851956549e+00, 4.296874262282346812e+00, -8.019306380999788431e+00, 1.000000000000000000e+00
-4.239778700162666780e+00, 4.321864345096965820e+00, -7.959005286857556705e+00, 1.000000000000000000e+00
-4.327027878941260397e+00, 4.349170598842115432e+00, -7.896932622039547489e+00, 1.000000000000000000e+00
-4.412274584308867986e+00, 4.378765804050218868e+00, -7.833150261927983138e+00, 1.000000000000000000e+00
-4.495433840495664413e+00, 4.410620459577097918e+00, -7.767721786166540632e+00, 1.000000000000000000e+00
-4.576422752546560169e+00, 4.444702812009357906e+00, -7.700712415282774614e+00, 1.000000000000000000e+00
-4.655160588952706568e+00, 4.480978887316884318e+00, -7.632188945674878156e+00, 1.000000000000000000e+00
-4.731568862126411368e+00, 4.519412524718890545e+00, -7.562219683027582739e+00, 1.000000000000000000e+00
-4.805571406639272958e+00, 4.559965412729773071e+00, -7.490874374223559506e+00, 1.000000000000000000e+00
-4.877094455145542184e+00, 4.602597127348833972e+00, -7.418224137818219432e+00, 1.000000000000000000e+00
-4.946066711915005243e+00, 4.647265172355798946e+00, -7.344341393147183261e+00, 1.000000000000000000e+00
-5.012419423902132465e+00, 4.693925021671982556e+00, -7.269299788137114859e+00, 1.000000000000000000e+00
-5.076086449280598600e+00, 4.742530163744841154e+00, -7.193174125891866666e+00, 1.000000000000000000e+00
-5.137004323374898540e+00, 4.793032147911709728e+00, -7.116040290127119583e+00, 1.000000000000000000e+00
-5.195112321923313736e+00, 4.845380632696472567e+00, -7.037975169527842745e+00, 1.000000000000000000e+00
-5.250352521609181089e+00, 4.899523435991040010e+00, -6.959056581103983952e+00, 1.000000000000000000e+00
-5.302669857800104580e+00, 4.955406587071606417e+00, -6.879363192620779444e+00, 1.000000000000000000e+00
-5.352012179437592110e+00, 5.012974380397848151e+00, -6.798974444181010490e+00, 1.000000000000000000e+00
-5.398330301022356004e+00, 5.072169431141414719e+00, -6.717970469037389591e+00, 1.000000000000000000e+00
-5.441578051643490177e+00, 5.132932732388369779e+00, -6.636432013713987388e+00, 1.000000000000000000e+00
-5.481712321002638610e+00, 5.195203713958573388e+00, -6.554440357516337023e+00, 1.000000000000000000e+00
-5.518693102387278060e+00, 5.258920302783347545e+00, -6.472077231510466433e+00, 1.000000000000000000e+00
-5.552483532550277268e+00, 5.324018984781265118e+00, -6.389424737051580649e+00, 1.000000000000000000e+00
-5.583049928455988464e+00, 5.390434868170366656e+00, -6.306565263943654465e+00, 1.000000000000000000e+00
-5.610361820856226700e+00, 5.458101748153701749e+00, -6.223581408311479990e+00, 1.000000000000000000e+00
-5.634391984662676656e+00, 5.526952172913705219e+00, -6.140555890267056505e+00, 1.000000000000000000e+00
-5.655116466085456040e+00, 5.596917510849644728e+00, -6.057571471452379619e+00, 1.000000000000000000e+00
-5.672514606510773660e+00, 5.667928018991080563e+00, -5.974710872540842210e+00, 1.000000000000000000e+00
-5.686569063093886989e+00, 5.739912912519185895e+00, -5.892056690779461370e+00, 1.000000000000000000e+00
-5.697265826046820081e+00, 5.812800435326590076e+00, -5.809691317654151810e+00, 1.000000000000000000e+00
-5.704594232603633408e+00, 5.886517931545427018e+00, -5.727696856760097432e+00, 1.000000000000000000e+00
-5.708546977649294973e+00, 5.960991917972283005e+00, -5.646155041959104892e+00, 1.000000000000000000e+00
-5.709120121001579840e+00, 6.036148157317850149e+00, -5.565147155905512122e+00, 1.000000000000000000e+00
-5.706313091338731880e+00, 6.111911732208282544e+00, -5.484753949021865971e+00, 1.000000000000000000e+00
-5.700128686768962005e+00, 6.188207119864446604e+00, -5.405055559005152332e+00, 1.000000000000000000e+00
-5.690573072041244629e+00, 6.264958267384678869e+00, -5.326131430943797263e+00, 1.000000000000000000e+00
-5.677655772400150624e+00, 6.342088667555978887e+00, -5.248060238125059840e+00, 1.000000000000000000e+00
-5.661389664090885177e+00, 6.419521435118044295e+00, -5.170919803611813137e+00, 1.000000000000000000e+00
-5.641790961523959425e+00, 6.497179383404196429e+00, -5.094787022666798393e+00, 1.000000000000000000e+00
-5.618879201112316757e+00, 6.574985101282699418e+00, -5.019737786101772237e+00, 1.000000000000000000e+00
-5.592677221797014653e+00, 6.652861030321880698e+00, -4.945846904627891227e+00, 1.000000000000000000e+00
-5.563211142280865218e+00, 6.730729542102058538e+00, -4.873188034282756043e+00, 1.000000000000000000e+00
-5.530510334992747801e+00, 6.808513015597229767e+00, -4.801833603008491380e+00, 1.000000000000000000e+00
-5.494607396808532940e+00, 6.886133914549409596e+00, -4.731854738453978193e+00, 1.000000000000000000e+00
-5.455538116557806738e+00, 6.963514864758449718e+00, -4.663321197073282853e+00, 1.000000000000000000e+00
-5.413341439348791084e+00, 7.040578731210323404e+00, -4.596301294590899644e+00, 1.000000000000000000e+00
-5.368059427747003731e+00, 7.117248694966997746e+00, -4.530861837903144007e+00, 1.000000000000000000e+00
-5.319737219846388143e+00, 7.193448329741206848e+00, -4.467068058483601334e+00, 1.000000000000000000e+00
-5.268422984274673482e+00, 7.269101678079845641e+00, -4.404983547358956031e+00, 1.000000000000000000e+00
-5.214167872177840835e+00, 7.344133327080006879e+00, -4.344670191720094721e+00, 1.000000000000000000e+00
-5.157025966231554293e+00, 7.418468483562202564e+00, -4.286188113231592212e+00, 1.000000000000000000e+00
-5.097054226730357129e+00, 7.492033048625841296e+00, -4.229595608101130111e+00, 1.000000000000000000e+00
-5.034312434808433601e+00, 7.564753691512605016e+00, -4.174949088968580746e+00, 1.000000000000000000e+00
-4.968863132848454711e+00, 7.636557922704166224e+00, -4.122303028672645198e+00, 1.000000000000000000e+00
-4.900771562137985704e+00, 7.707374166181296005e+00, -4.071709905951157005e+00, 1.000000000000000000e+00
-4.830105597835539832e+00, 7.777131830772411547e+00, -4.023220153129123844e+00, 1.000000000000000000e+00
-4.756935681311153630e+00, 7.845761380520381856e+00, -3.976882105846700544e+00, 1.000000000000000000e+00
-4.681334749928895533e+00, 7.913194403997485082e+00, -3.932741954877160939e+00, 1.000000000000000000e+00
-4.603378164341304313e+00, 7.979363682499414523e+00, -3.890843700082934564e+00, 1.000000000000000000e+00
-4.523143633368272631e+00, 8.044203257050325462e+00, -3.851229106555591475e+00, 1.000000000000000000e+00
-4.440711136535181680e+00, 8.107648494152204677e+00, -3.813937662983480692e+00, 1.000000000000000000e+00
-4.356162844347590379e+00, 8.169636150212920001e+00, -3.779006542288559256e+00, 1.000000000000000000e+00
-4.269583036381880525e+00, 8.230104434588820794e+00, -3.746470564571605433e+00, 1.000000000000000000e+00
-4.181058017273535654e+00, 8.288993071179005412e+00, -3.716362162402787384e+00, 1.000000000000000000e+00
-4.090676030686817732e+00, 8.346243358509825683e+00, -3.688711348492174302e+00, 1.000000000000000000e+00
-3.998527171351548226e+00, 8.401798228249813150e+00, -3.663545685772413130e+00, 1.000000000000000000e+00
-3.904703295254738027e+00, 8.455602302096624001e+00, -3.640890259923396322e+00, 1.000000000000000000e+00
-3.809297928076529338e+00, 8.507601946979329810e+00, -3.620767654366314758e+00, 1.000000000000000000e+00
-3.712406171961765367e+00, 8.557745328521049188e+00, -3.603197927752003871e+00, 1.000000000000000000e+00
-3.614124610720113040e+00, 8.605982462708555047e+00, -3.588198593966054339e+00, 1.000000000000000000e+00
-3.514551213549206743e+00, 8.652265265717447917e+00, -3.575784604670585232e+00, 1.000000000000000000e+00
-3.413785237376837145e+00, 8.696547601843143127e+00, -3.565968334400100304e+00, 1.000000000000000000e+00
-3.311927127919477964e+00, 8.738785329489955345e+00, -3.558759568226287584e+00, 1.000000000000000000e+00
-3.209078419555805972e+00, 8.778936345172397182e+00, -3.554165492004040416e+00, 1.000000000000000000e+00
-3.105341634115042382e+00, 8.816960625484840719e+00, -3.552190685208448606e+00, 1.000000000000000000e+00
-3.000820178680939421e+00, 8.852820266997735388e+00, -3.552837116369874870e+00, 1.000000000000000000e+00
-2.895618242513373630e+00, 8.886479524040559852e+00, -3.556104141111676942e+00, 1.000000000000000000e+00
-2.789840693190214438e+00, 8.917904844333877534e+00, -3.561988502792543532e+00, 1.000000000000000000e+00
-2.683592972073035376e+00, 8.947064902435002409e+00, -3.570484335752778904e+00, 1.000000000000000000e+00
-2.576980989200889027e+00, 8.973930630963847577e+00, -3.581583171161324852e+00, 1.000000000000000000e+00
-2.470111017716858370e+00, 8.998475249577952084e+00, -3.595273945457672760e+00, 1.000000000000000000e+00
-2.363089587932694968e+00, 9.020674291667695854e+00, -3.611543011380261348e+00, 1.000000000000000000e+00
-2.256023381137066686e+00, 9.040505628745142630e+00, -3.630374151570364472e+00, 1.000000000000000000e+00
-2.149019123253348429e+00, 9.057949492502213928e+00, -3.651748594737908249e+00, 1.000000000000000000e+00
-2.042183478452894274e+00, 9.072988494516149416e+00, -3.675645034373098863e+00, 1.000000000000000000e+00
-1.935622942829858584e+00, 9.085607643582678250e+00, -3.702039649985216840e+00, 1.000000000000000000e+00
-1.829443738243598627e+00, 9.095794360659576583e+00, -3.730906130847398749e+00, 1.000000000000000000e+00
-1.723751706434388353e+00, 9.103538491405725352e+00, -3.762215702223742575e+00, 1.000000000000000000e+00
-1.618652203518091470e+00, 9.108832316303177024e+00, -3.795937154052592799e+00, 1.000000000000000000e+00
-1.514249994964885770e+00, 9.111670558352148674e+00, -3.832036872057402288e+00, 1.000000000000000000e+00
-1.410649151166753601e+00, 9.112050388331239148e+00, -3.870478871254179332e+00, 1.000000000000000000e+00
-1.307952943697874515e+00, 9.109971427617663764e+00, -3.911224831822101677e+00, 1.000000000000000000e+00
-1.206263742371249226e+00, 9.105435748564676857e+00, -3.954234137301547491e+00, 1.000000000000000000e+00
-1.105682913194263595e+00, 9.098447872435796668e+00, -3.999463915081462595e+00, 1.000000000000000000e+00
-1.006310717324840898e+00, 9.089014764897921594e+00, -4.046869079135712255e+00, 1.000000000000000000e+00
-9.082462111289317797e-01, 9.077145829077791106e+00, -4.096402374965820492e+00, 1.000000000000000000e+00
-8.115871474389891871e-01, 9.062852896188749341e+00, -4.148014426705266544e+00, 1.000000000000000000e+00
-7.164298781118014769e-01, 9.046150213737142565e+00, -4.201653786338440000e+00, 1.000000000000000000e+00
-6.228692579828847276e-01, 9.027054431320079786e+00, -4.257266984985125902e+00, 1.000000000000000000e+00
-5.309985503131096074e-01, 9.005584584028763828e+00, -4.314798586199455777e+00, 1.000000000000000000e+00
-4.409093338218477154e-01, 8.981762073473896990e+00, -4.374191241230163563e+00, 1.000000000000000000e+00
-3.526914113993327993e-01, 8.955610646452075940e+00, -4.435385746187062495e+00, 1.000000000000000000e+00
-2.664327205891624528e-01, 8.927156371274493907e+00, -4.498321101056776072e+00, 1.000000000000000000e+00
-1.822192459302631184e-01, 8.896427611781462019e+00, -4.562934570508875076e+00, 1.000000000000000000e+00
-1.001349332456224622e-01, 8.863454999068718365e+00, -4.629161746431813107e+00, 1.000000000000000000e+00
